0000000000000000000000000000
0000000000000000000000000000
0000000000000000000000000000
0000000000000000000000000000
0000000000001100000000000000
0000000000001100000000000000
0000000000001100000000000000
0000000000001100011111100000
0000111111001101111111110000
0001111111111111111011111000
0011111011111111100000111100
0111100000111111000000011100
0111100000011110000000001110
0111100000011110000000001110
0111000000011110000000001110
0011000000001100000000001110
0011000000000000000000001110
0011000000000000000000011110
0011000000000000000000111100
0011100000000000000001111000
0011100000000000000111110000
0001111000000000111111100000
0001111111111111111110000000
0000011111111111111000000000
0000000000000000000000000000
0000000000000000000000000000
0000000000000000000000000000
0000000000000000000000000000
